id,predict_0,predict_1,predict_2
11066,0.993655471176,0.00617628373829,0.000168245085378
18000,0.253915629795,0.0664353160538,0.679649054151
16964,0.989837727959,0.00982449337212,0.000337778668863
4795,0.712484871292,0.272829881545,0.014685247163
3392,0.471097408028,0.470574160192,0.0583284317795
3795,0.473455359672,0.514769501466,0.0117751388627
2881,0.840677724148,0.158607725802,0.000714550049983
1903,0.178078812257,0.171076150865,0.650845036878
5245,0.943541000609,0.0510597822228,0.00539921716789
6726,0.924926291439,0.0691014055292,0.00597230303154
1311,0.971889722286,0.0270518175244,0.00105846018947
15795,0.375209847636,0.624473198413,0.000316953951539
4315,0.722476107375,0.263340010139,0.0141838824866
3393,0.28402078782,0.118650897597,0.597328314583
6764,0.808364059334,0.156951072801,0.0346848678647
13039,0.630130339293,0.369623325418,0.000246335288832
12331,0.664460987133,0.159323706677,0.17621530619
14276,0.374588033644,0.541876422043,0.0835355443133
14638,0.879351451173,0.120260546759,0.000388002067871
6573,0.997800572942,0.00219942705784,0.0
2222,0.315033192325,0.0346131983485,0.650353609326
8824,0.977235482148,0.0227645178521,0.0
6360,0.678690452751,0.303277157422,0.0180323898268
7553,0.280728881194,0.10188848404,0.617382634766
13760,0.515660831463,0.421223749158,0.0631154193793
4284,0.615871047527,0.333822162196,0.0503067902773
1356,0.885109576527,0.0672262040324,0.0476642194404
3410,0.849199163615,0.148492213515,0.0023086228699
4830,0.437907471898,0.503558343139,0.0585341849637
8998,0.395875809077,0.561676757203,0.0424474337199
18052,0.96375879016,0.0360595821415,0.000181627698925
7539,0.907939339555,0.092054085823,6.57462195924e-06
9529,0.789205950554,0.204417218072,0.00637683137367
3656,0.887186021189,0.102388429995,0.0104255488156
14238,0.649308651249,0.28299912461,0.0676922241411
2682,0.658949577892,0.340900802615,0.000149619492908
7312,0.566000487752,0.394982927909,0.0390165843388
12971,0.802087307861,0.183562808338,0.0143498838004
10735,0.414353179409,0.585353761502,0.000293059088934
4050,0.909707586428,0.0745556164277,0.015736797144
5943,0.847894954512,0.151731398581,0.000373646906737
6482,0.384719246275,0.609467516253,0.00581323747225
9746,0.483491191243,0.0469579577512,0.469550851006
13320,0.24546065289,0.0969293470433,0.657610000067
803,0.588266688503,0.364014029168,0.0477192823291
15437,0.924941372689,0.0632684754339,0.0117901518774
12302,0.946176165352,0.053823834648,0.0
12271,0.947077884972,0.0529155404064,6.57462195924e-06
5341,0.865186049548,0.113179039526,0.0216349109261
4427,1.0,0.0,0.0
529,0.772765668884,0.190244687303,0.0369896438133
2022,0.960762347088,0.0341072508726,0.00513040203922
14625,0.997244178737,0.00275582126295,0.0
2922,0.27756896386,0.643026236106,0.0794048000334
16330,0.337187843031,0.179728441611,0.483083715358
12890,0.978050618689,0.0219493813114,0.0
2140,0.53510282713,0.464360542507,0.000536630362831
13484,0.823234297281,0.174100622395,0.00266508032446
12392,0.975692301358,0.0240204947146,0.000287203927666
2322,0.326283476957,0.0471796888535,0.626536834189
567,0.12795566128,0.140074340911,0.731969997809
4436,0.780757442539,0.219242557461,0.0
12156,0.999300943205,0.000699056794795,0.0
7508,0.741548147626,0.221582904138,0.0368689482362
6184,0.829044222587,0.142580190038,0.0283755873745
12213,0.945430209218,0.0404881200618,0.01408167072
6458,0.20259313036,0.361035319136,0.436371550504
13967,0.953462440471,0.046063710777,0.00047384875187
894,0.823851878454,0.157796755906,0.0183513656408
7461,0.196663666173,0.585202965436,0.21813336839
8949,0.892085441587,0.107581299959,0.000333258454053
3477,0.386563067553,0.563533355534,0.0499035769128
2779,0.962390442236,0.0369183327552,0.000691225009263
13551,0.486710659224,0.501123123834,0.0121662169419
8297,0.94476947801,0.0496482260551,0.00558229593524
5050,0.280829033688,0.700884150421,0.018286815891
10716,0.501343627008,0.497225963599,0.0014304093923
16075,0.680890879104,0.30738654423,0.011722576666
1366,0.538024656769,0.422541692351,0.0394336508795
774,0.982793040142,0.0172003852363,6.57462195924e-06
7406,0.688711438767,0.304667240645,0.00662132058767
2526,0.372949650602,0.563837225444,0.0632131239541
9649,0.947676521461,0.0466899882934,0.0056334902455
16115,0.229490602591,0.569490933131,0.201018464278
14749,0.468167366746,0.123450428032,0.408382205222
14952,0.667305976552,0.207135133556,0.125558889892
4786,0.329226838584,0.0464259913599,0.624347170056
16513,0.894090308525,0.105810374281,9.93171942893e-05
2002,0.998130610538,0.00170880483226,0.000160584629892
4701,0.752492614626,0.228163491663,0.0193438937106
7742,0.677327509024,0.253556802851,0.0691156881251
5905,0.700203231783,0.295830458999,0.0039663092177
685,0.538629165157,0.234975172204,0.226395662639
11857,0.709869839064,0.289740179215,0.000389981721317
11628,0.294564533879,0.533948507122,0.171486958999
15024,0.88800420633,0.109330713346,0.00266508032446
4168,0.954797416854,0.0345486077362,0.0106539754102
11914,0.577747234996,0.404831599283,0.0174211657211
5293,0.988363593374,0.011636406626,0.0
3374,0.214011015966,0.785775526193,0.000213457841249
13055,0.999934640523,6.53594771242e-05,0.0
17759,0.307822968155,0.649056202223,0.0431208296221
590,0.524074434257,0.457908241165,0.0180173245782
1353,0.96652669374,0.0331525893254,0.000320716934463
11938,0.153411123756,0.22707910621,0.619509770034
1018,0.148452660118,0.421788356927,0.429758982956
14945,0.536203151765,0.463676925453,0.000119922782787
1001,0.793336103668,0.204285428522,0.00237846780979
3587,0.848316970245,0.111248522416,0.0404345073385
868,0.991014526232,0.00898547376824,0.0
9296,0.331489824919,0.0386338069285,0.629876368152
12455,0.856095141936,0.143130611294,0.000774246770545
17132,0.844030365823,0.133369269125,0.0226003650522
10240,0.963762759921,0.0312532024623,0.00498403761644
3696,0.283323918791,0.435069190463,0.281606890747
10355,0.502681975268,0.468129109837,0.0291889148955
2206,0.352084522058,0.644822224239,0.003093253703
14590,0.998130610538,0.00170880483226,0.000160584629892
13191,0.902215334384,0.0852427618362,0.0125419037801
5882,0.979025634691,0.0206871613813,0.000287203927666
12653,0.615735727768,0.383958374113,0.000305898119587
1491,0.468567186771,0.479938945018,0.0514938682104
1176,0.67427879225,0.293086422536,0.0326347852145
11246,0.367965479832,0.160447856257,0.471586663911
14557,0.432703115492,0.46701922088,0.100277663627
4772,0.0957704682558,0.515754278644,0.388475253101
17192,0.788595298548,0.211200162776,0.000204538676259
10637,0.645976360866,0.350872572471,0.00315106666286
3281,0.608808385041,0.385059815379,0.0061317995801
3191,0.541705911833,0.417338705433,0.040955382734
672,0.879368812284,0.120243185648,0.000388002067871
6301,0.889944110464,0.107390809211,0.00266508032446
10309,0.980298379564,0.019520095622,0.000181524814389
1734,0.769932428168,0.229373554357,0.000694017474377
2990,0.552220778873,0.437037126888,0.0107420942389
5746,0.472922644421,0.512552212095,0.0145251434839
15289,0.556201340029,0.441151031653,0.00264762831748
2971,0.994161838218,0.00583816178229,0.0
9771,0.762856748828,0.0948522352887,0.142291015883
11253,0.245612169017,0.730676782148,0.0237110488345
14576,0.346817996863,0.622368637142,0.0308133659945
4688,0.239044154706,0.151980916877,0.608974928417
14469,0.693960334345,0.301376117157,0.00466354849795
9298,0.909970400627,0.0746808299093,0.0153487694636
16099,0.335321423216,0.635251992479,0.0294265843047
17316,0.232889275943,0.474032857883,0.293077866175
15212,0.998225500681,0.00164248611813,0.00013201320132
10691,0.961660308661,0.0272647852723,0.0110749060662
3805,0.988999488072,0.0110005119285,0.0
6418,0.32656664464,0.642108729197,0.0313246261628
1158,0.841066324602,0.158292610653,0.000641064745392
7768,0.963776460855,0.0309647288012,0.00525881034415
4834,0.2239230154,0.0649983641971,0.711078620403
10914,0.474701482358,0.525005458553,0.000293059088934
14606,0.64846922316,0.329786783339,0.0217439935013
3220,0.736841788136,0.192203958323,0.0709542535406
10433,0.90684508607,0.0878284165358,0.00532649739419
11251,0.409596492752,0.194079916168,0.39632359108
8084,0.500871840505,0.498993873689,0.000134285806036
522,0.790476208488,0.197741123946,0.0117826675659
17299,0.892542950071,0.100599504104,0.00685754582474
15587,0.892218805823,0.0756935476275,0.0320876465492
1563,0.42192677726,0.299349976456,0.278723246284
8252,0.674495274471,0.308675983733,0.0168287417954
17802,0.415045985114,0.115198191502,0.469755823385
2738,0.761775291903,0.214764241292,0.0234604668059
9896,0.863016734142,0.134318185533,0.00266508032446
14609,0.984393939394,0.0156060606061,0.0
10463,0.993825276603,0.00588540221916,0.000289321178317
1280,0.535338678945,0.3023183861,0.162342934955
977,0.394959994657,0.535224993318,0.0698150120254
979,0.818648976351,0.164431514312,0.0169195093374
10908,0.99353131326,0.00646868673952,0.0
12569,0.321829133963,0.61990885158,0.0582620144573
6078,0.31952068056,0.116286589178,0.564192730262
18339,0.997596744312,0.0024032556878,0.0
13799,0.452168432426,0.422406965399,0.125424602175
7193,0.217744569351,0.0591840608182,0.723071369831
8243,0.668972895035,0.311309501936,0.0197176030296
13622,0.998333333333,0.00166666666667,0.0
5885,0.73221358299,0.266797300419,0.000989116591178
5768,0.914631115172,0.0707677748048,0.014601110023
632,0.513709120833,0.433185260529,0.0531056186385
3314,0.994235568067,0.00576443193271,0.0
3664,0.757369696711,0.210069609748,0.032560693541
18518,0.737213961295,0.26012095838,0.00266508032446
7687,0.993357428262,0.00664257173826,0.0
17889,0.462303535328,0.403272662888,0.134423801784
12943,0.597700343008,0.217545431936,0.184754225056
3581,0.891683629963,0.105527468204,0.00278890183263
13802,0.957016382764,0.0425884482139,0.000395169022058
17702,0.266557697896,0.71510148541,0.0183408166939
12342,0.99160130719,0.00839869281046,0.0
11185,0.999885057471,0.000114942528736,0.0
15675,0.891683629963,0.105527468204,0.00278890183263
6716,0.645312259318,0.340312046576,0.014375694106
17790,0.365092259757,0.634614681154,0.000293059088934
17791,0.551523286024,0.379064256844,0.0694124571317
6145,0.869168677182,0.130809766923,2.15558953675e-05
18237,0.206892963784,0.714225646355,0.0788813898613
10523,0.497026825544,0.454593664068,0.0483795103882
4356,0.279382724766,0.690032369655,0.0305849055792
7482,0.633411368507,0.366427956168,0.000160675324859
5856,0.52653729966,0.322839228814,0.150623471526
5011,0.391284445703,0.135121518087,0.47359403621
15872,0.98983856366,0.00992448881726,0.000236947522756
6609,0.614334258779,0.354261254088,0.0314044871333
995,0.934907809525,0.0510204836468,0.0140717068285
4680,0.94281501992,0.0567111313282,0.00047384875187
18327,0.644741115793,0.246473258775,0.108785625432
8484,0.311454762784,0.687220865558,0.00132437165827
16968,0.525234759197,0.404684296825,0.0700809439779
8305,0.980138877163,0.0198545482148,6.57462195924e-06
7012,0.904017867135,0.0959605769691,2.15558953675e-05
13465,0.351869130881,0.303271055195,0.344859813924
8375,0.943075837515,0.056797522886,0.000126639598661
15629,0.448485412801,0.532795031859,0.0187195553402
12296,0.988247359443,0.0117526405571,0.0
458,0.269984908806,0.121468191545,0.608546899649
18124,0.264549631759,0.225167390586,0.510282977655
4430,0.0953523937746,0.498573839984,0.406073766241
14443,0.503555356216,0.446557521586,0.049887122198
15275,0.878230377972,0.117638588918,0.00413103311009
4470,0.300639427442,0.0533541877252,0.646006384833
13831,0.896524194136,0.103475805864,0.0
7696,0.966227469145,0.0288257937844,0.00494673707017
15172,0.675817607908,0.231973215356,0.0922091767356
16647,0.864860867915,0.116885191834,0.0182539402504
14209,0.423938569833,0.510292300265,0.0657691299026
18121,0.807190502216,0.192437681138,0.000371816645953
12144,0.485864199994,0.513842740917,0.000293059088934
800,0.879368812284,0.120243185648,0.000388002067871
13200,0.390010461608,0.599352117943,0.0106374204489
5724,0.117796306118,0.168240542509,0.713963151373
15722,0.752535626781,0.204932792648,0.042531580571
6660,0.838715371952,0.161166869391,0.000117758656886
8394,0.499517634823,0.500216282431,0.00026608274633
5554,0.536877767101,0.225342341119,0.23777989178
10381,0.960044188041,0.0367753929511,0.00318041900824
15783,0.87910492908,0.120888496298,6.57462195924e-06
10907,0.554680516311,0.419596156123,0.0257233275654
11455,0.988637148049,0.0110879408189,0.000274911132179
5992,0.307851688451,0.244158474649,0.447989836901
16564,0.238721390522,0.159880169861,0.601398439617
7933,0.507410393431,0.450820425875,0.0417691806939
16008,0.979025634691,0.0206871613813,0.000287203927666
7265,0.362178557451,0.619491519014,0.0183299235349
11095,0.490507885549,0.509372191668,0.000119922782787
2181,0.159052274605,0.231642750436,0.609304974959
8845,0.863856835965,0.124994389788,0.0111487742463
13617,0.575535502971,0.42361849223,0.000846004798813
17228,0.918270065955,0.0726199528205,0.00910998122422
16321,0.970084437266,0.0296522053333,0.000263357400537
14851,0.977491188887,0.0166134640283,0.00589534708488
9613,0.971176080804,0.0288239191956,0.0
3121,0.924073711602,0.0716198885328,0.00430639986568
4840,0.998130610538,0.00170880483226,0.000160584629892
18216,0.100744689866,0.895737021764,0.00351828837008
17113,0.526446727397,0.466055377452,0.00749789515159
4775,0.933187527392,0.0533219197334,0.0134905528748
14105,0.827586131829,0.129508072533,0.042905795638
4993,0.539562284321,0.415889574909,0.04454814077
8901,0.812443175622,0.112680193365,0.0748766310137
15443,0.765310497084,0.227147461724,0.00754204119194
435,0.907609329941,0.0922602786838,0.00013039137519
4595,0.13729877917,0.831864191941,0.030837028889
14503,0.743063677601,0.256819849041,0.000116473357874
2191,0.241638357168,0.738268803321,0.0200928395111
2163,0.948128219825,0.0460639146718,0.00580786550368
9987,0.995343508115,0.00465649188518,0.0
16234,0.404107299366,0.159692464646,0.436200235988
3834,0.385956403817,0.0670641630517,0.546979433131
13133,0.545109812779,0.454622539125,0.000267648095849
13909,0.332748441132,0.344038761636,0.323212797232
9952,0.679346615414,0.307532513685,0.0131208709011
3666,0.32634617262,0.673519541574,0.000134285806036
6072,0.917126936991,0.0714167915309,0.0114562714777
2936,0.350784084341,0.076812111564,0.572403804095
6497,0.851787088546,0.123607639759,0.0246052716951
5645,0.734528690001,0.26514573227,0.000325577728931
15476,0.615139936825,0.329928844222,0.0549312189529
8472,0.996740499208,0.00325950079195,0.0
15687,0.51923845885,0.480273177258,0.000488363892401
10682,0.939968598798,0.0598498763879,0.000181524814389
10772,0.948761201136,0.0512387988643,0.0
8156,0.228185898936,0.459237106613,0.312576994451
10436,0.558614770953,0.332162536962,0.109222692085
16827,0.951064260661,0.0489141834433,2.15558953675e-05
12299,0.0823276568991,0.37415327674,0.543519066361
9258,0.223077307244,0.176631492886,0.60029119987
4759,0.860550644442,0.139318964183,0.00013039137519
8989,0.741151985166,0.25615194386,0.00269607097409
14823,0.982004590407,0.0179954095927,0.0
17270,0.383365497814,0.572816449798,0.0438180523883
2005,0.953246230405,0.0417303017893,0.00502346780576
15757,0.942761087809,0.0566347384495,0.000604173741557
14476,0.445977960934,0.553728979977,0.000293059088934
17243,0.247783469877,0.592919569499,0.159296960624
3908,0.560122225514,0.429538201456,0.0103395730302
781,0.954888741054,0.0344572835353,0.0106539754102
5398,0.313826142189,0.57407191341,0.112101944401
2687,0.634297473344,0.276821090089,0.0888814365663
5017,0.910990975762,0.0498973386084,0.0391116856299
140,0.79138836934,0.204682001633,0.0039296290272
14897,0.920402941611,0.0692785404468,0.0103185179422
1487,0.537726404897,0.390938942177,0.0713346529258
18371,0.994411441144,0.00558855885589,0.0
10170,0.943615844214,0.0435852901312,0.0127988656544
3464,0.500833340255,0.226262276643,0.272904383102
1535,0.926203728589,0.0625844609312,0.0112118104796
1442,0.738590827777,0.248993998449,0.0124151737741
7249,0.689827840368,0.273076345272,0.0370958143603
17510,0.629051949246,0.365140372395,0.00580767835887
418,0.999450614266,0.000549385734131,0.0
16274,0.139308087337,0.0692320902762,0.791459822386
12497,0.469252212451,0.496747651775,0.0340001357742
17309,0.919394165447,0.0681734740547,0.0124323604984
3891,0.823685529574,0.147135508831,0.0291789615949
8437,0.970574858914,0.0294251410859,0.0
9950,0.79773256951,0.199369521345,0.00289790914436
5316,0.851836515881,0.14001078725,0.00815269686919
12979,0.581978018341,0.417705027708,0.000316953951539
14648,0.840357280967,0.153512784618,0.00612993441447
8194,0.91725451842,0.0710305513624,0.0117149302173
10386,0.289697028782,0.12781896065,0.582484010568
12749,0.173415112821,0.38503613192,0.44154875526
16508,0.897107834535,0.10286484306,2.73224043716e-05
16386,0.892832255234,0.10714618887,2.15558953675e-05
12933,0.851425875783,0.142124316213,0.00644980800397
2830,0.831374075003,0.165960844672,0.00266508032446
11528,0.52056421837,0.479142722541,0.000293059088934
15904,0.959292900915,0.0406855431895,2.15558953675e-05
16390,0.568997234996,0.40774826595,0.0232544990545
14036,0.993357428262,0.00664257173826,0.0
17215,0.993977413016,0.00602258698366,0.0
14404,0.875503278074,0.124427670349,6.90515775782e-05
12101,0.0900937172775,0.156231651761,0.753674630962
10812,0.147175269579,0.838999599868,0.0138251305526
4374,0.990320858606,0.009679141394,0.0
9719,0.473936914786,0.496126237973,0.0299368472418
8520,0.233367321732,0.676409134283,0.0902235439857
15621,0.608614770953,0.300495870295,0.0908893587514
7173,0.286880999592,0.625333875331,0.0877851250769
7544,0.722107020498,0.204256367584,0.0736366119172
7253,0.579047666378,0.341430750687,0.0795215829354
16731,0.732784128572,0.24782602324,0.0193898481875
17278,0.651766437631,0.345032265307,0.00320129706196
16327,0.912527648932,0.0864146844292,0.00105766663859
15845,0.94274658782,0.0568421612373,0.000411250942794
6750,0.164893629564,0.115282971938,0.719823398497
7674,0.954628154157,0.0400682296596,0.00530361618371
17416,0.37772655125,0.566025120248,0.0562483285023
9050,0.63124995912,0.317143940721,0.0516061001591
8931,0.183847848479,0.734738730403,0.0814134211179
13146,0.274608665652,0.223153080865,0.502238253484
11584,0.779020262458,0.220430995116,0.000548742426202
8322,0.907609329941,0.0922602786838,0.00013039137519
16067,0.595179456143,0.391894824825,0.0129257190321
11438,0.921788287549,0.0725474721933,0.00566424025754
677,0.684527123098,0.313020750756,0.0024521261461
7475,0.632396147955,0.349636722597,0.0179671294486
13400,0.817601546801,0.176156493497,0.0062419597017
10255,0.888086170431,0.111391977599,0.000521851970142
17987,0.974039666901,0.024900205895,0.00106012720386
13651,0.249366768177,0.278037863803,0.47259536802
8226,0.968700146329,0.0306682873071,0.00063156636394
7643,0.848604839194,0.137140728398,0.0142544324083
10318,0.116262078709,0.0624383083483,0.821299612943
12382,0.965049122654,0.0318665511789,0.00308432616676
2912,0.20220514362,0.280677458093,0.517117398286
2254,0.223667848452,0.360914554024,0.415417597524
13110,0.980774788114,0.0167798334647,0.00244537842142
8355,0.185855115783,0.75392224005,0.0602226441677
10753,0.900918803419,0.0990811965812,0.0
17974,0.462853007107,0.198618268656,0.338528724237
7588,0.978729728835,0.0173766459267,0.00389362523827
3209,0.955999503014,0.0312674941143,0.0127330028717
16325,0.95462550726,0.0452182892098,0.000156203530664
12009,0.950169453934,0.0447007472756,0.0051297987907
7141,0.535665660455,0.435419766293,0.0289145732527
7584,0.199568096854,0.597289568162,0.203142334984
171,0.59639214839,0.403361516321,0.000246335288832
14412,0.894475789427,0.10014998792,0.0053742226526
16111,0.799690410592,0.20016483501,0.000144754398439
17959,0.975110584688,0.0246022113846,0.000287203927666
401,0.83616939118,0.148938872425,0.0148917363956
16571,0.234487213425,0.745683535896,0.0198292506795
3294,0.381704093067,0.585738259812,0.0325576471209
16220,0.532676959175,0.111386767576,0.355936273249
2404,0.977473280322,0.0225267196783,0.0
11002,0.788721798678,0.2112716267,6.57462195924e-06
372,0.638753304091,0.327810010359,0.0334366855499
15477,0.941208572973,0.0433476915745,0.0154437354526
41,0.703228696074,0.296475102186,0.000296201740574
8671,0.983234461899,0.0166964865231,6.90515775782e-05
8129,0.463350193057,0.297089018221,0.239560788723
14683,0.827530292254,0.171496811513,0.000972896233506
9873,0.996139260985,0.00372872581376,0.00013201320132
13577,0.972236265953,0.0276370944484,0.000126639598661
16132,0.994325697942,0.00567430205797,0.0
10100,0.964485849472,0.0327500983544,0.00276405217342
5629,0.587550525534,0.347149627483,0.0652998469831
16618,0.335262537747,0.659341570916,0.00539589133679
16876,0.148923582954,0.25872738131,0.592349035736
16036,1.0,0.0,0.0
9322,0.533779173449,0.153328218375,0.312892608175
8549,0.990373260842,0.00962673915847,0.0
18132,0.994308889835,0.00569111016456,0.0
13487,0.579559995836,0.396067301606,0.0243727025581
6904,0.829995598483,0.151585773412,0.0184186281048
2799,0.308503668303,0.668275941253,0.0232203904436
9694,0.306034596117,0.390081987754,0.303883416129
4417,0.462470040957,0.533563086391,0.00396687265229
1494,0.949307493217,0.0352721736006,0.0154203331827
13929,0.220178152538,0.711660523288,0.0681613241743
6530,0.329045656856,0.666043895749,0.00491044739489
2483,0.89655129202,0.0873301272966,0.0161185806834
3301,0.719472436741,0.279974107855,0.000553455403775
11323,0.987581302391,0.0122371727942,0.000181524814389
1237,0.552779309306,0.402337245042,0.0448834456524
1747,0.646843324895,0.323308578234,0.0298480968713
2655,0.822914091356,0.154247172779,0.0228387358658
16310,0.299446045897,0.582371637334,0.11818231677
4173,0.936064240285,0.0639357597148,0.0
17613,0.821839138382,0.176480924717,0.00167993690085
18062,0.997167582541,0.00283241745861,0.0
4109,0.344799554923,0.654907385988,0.000293059088934
15881,0.991850365265,0.00814963473549,0.0
17020,0.987125440365,0.0128745596353,0.0
7642,0.682746714241,0.102625595595,0.214627690165
9464,0.913604384033,0.0812187399526,0.0051768760143
22,0.905802520497,0.09403460802,0.000162871482719
16394,0.704862028868,0.292655181311,0.00248278982119
12854,0.631675999009,0.242256553825,0.126067447166
5073,0.710234913845,0.253355579778,0.0364095063774
2069,0.920404080984,0.0697255415562,0.00987037745941
8545,0.777366105911,0.222633894089,0.0
10775,0.46630220122,0.487889787733,0.0458080110467
9744,0.808139994093,0.191405454191,0.000454551715933
17138,0.588841875678,0.316653957953,0.0945041663687
16619,0.978998373826,0.020751215475,0.000250410699217
195,0.652762218448,0.344075659057,0.00316212249481
10258,0.351355427886,0.618472718497,0.0301718536164
4347,0.640188501988,0.348203868522,0.0116076294892
17587,0.758721245882,0.23569855617,0.00558019794816
3019,0.47956798437,0.409514329605,0.110917686025
18552,0.996835423186,0.00316457681366,0.0
13223,0.730023393886,0.257384906456,0.0125916996584
7856,0.984885057471,0.0151149425287,0.0
9830,0.411039429973,0.588667510938,0.000293059088934
10965,0.619149698464,0.380603966248,0.000246335288832
4677,0.196971923574,0.161477120788,0.641550955638
12176,0.318260332554,0.320249363462,0.361490303983
15210,0.322009127622,0.674792454087,0.00319841829138
3764,0.852579625377,0.147420374623,0.0
16846,0.640153466695,0.326648776839,0.0331977564656
771,0.35103054971,0.0939889255852,0.554980524705
13019,0.178851485041,0.0658296571616,0.755318857798
252,0.3637708264,0.504268507096,0.131960666503
11064,0.600931720776,0.398742903411,0.000325375812073
18221,0.957527377172,0.0396443933207,0.0028282295076
11502,0.927062678805,0.0692562730761,0.00368104811911
14392,0.651328416898,0.348521963609,0.000149619492908
9541,0.610874993299,0.251565151116,0.137559855585
3206,0.90653940254,0.0770385635823,0.016422033878
1994,0.214326842355,0.261904626098,0.523768531547
17294,0.322396240776,0.668207199534,0.00939655969047
344,1.0,0.0,0.0
15404,0.985805988939,0.0140946938663,9.93171942893e-05
521,0.811349910967,0.187357902379,0.00129218665405
876,0.99274394449,0.00725605551041,0.0
7671,0.33804903308,0.6606090923,0.0013418746196
3351,0.994216926382,0.00577649899611,6.57462195924e-06
11771,0.96621742685,0.03378257315,0.0
1511,0.0746172967017,0.0114222338037,0.913960469495
9265,0.465777495045,0.520703609961,0.013518894994
7982,0.978163725199,0.0215490708735,0.000287203927666
14175,0.455552984048,0.527415768313,0.0170312476399
10039,0.909583814039,0.080289412705,0.0101267732563
14091,0.463387702835,0.406684998066,0.129927299099
16518,0.986908333267,0.0129016188413,0.000190047891628
10022,0.918775858714,0.0711792787994,0.0100448624864
11564,0.871142379978,0.0744040163539,0.0544536036683
7125,0.745571790588,0.251760287397,0.00266792201539
13985,0.529796320279,0.46988672577,0.000316953951539
16442,0.590966141752,0.408776169916,0.000257688331139
8894,0.958629458488,0.0411071841116,0.000263357400537
12070,0.921161279112,0.0649779618822,0.013860759006
5222,0.830175659326,0.169790443648,3.38970263308e-05
5035,0.0849960781915,0.859381551541,0.0556223702674
11720,0.916954669077,0.0827697015208,0.000275629402114
2902,0.646068268,0.293927387933,0.0600043440669
16663,0.894866436722,0.0993906186218,0.0057429446558
5322,0.471724167074,0.446059828426,0.0822160044994
18013,0.37496019111,0.370638564553,0.254401244337
7204,0.960533471689,0.0391529717685,0.00031355654265
5241,0.642406757771,0.0597605908227,0.297832651406
10289,0.714373991022,0.265079229384,0.0205467795944
2841,0.960890102402,0.0339940537218,0.00511584387649
799,0.821807291871,0.178158811103,3.38970263308e-05
1913,0.147556331872,0.483530316473,0.368913351655
4910,0.896265515272,0.0877651106415,0.0159693740861
451,0.443243283994,0.550957144998,0.00579957100853
10840,0.518366823841,0.413056885609,0.0685762905497
15308,0.170006587472,0.525455558908,0.30453785362
10669,0.366843843249,0.1527018117,0.480454345051
9628,0.886300903234,0.113671774361,2.73224043716e-05
1010,0.7263275657,0.258492068681,0.0151803656186
11501,0.494061195904,0.347252092463,0.158686711634
12727,0.5546507658,0.445083640236,0.000265593964185
13407,1.0,0.0,0.0
11481,0.815731822397,0.183029932321,0.00123824528169
7183,0.342535003057,0.425151278081,0.232313718862
1066,0.945678767243,0.0540921225829,0.000229110174556
4010,0.953574984636,0.046116188054,0.000308827310171
13436,0.962313871204,0.0325456013063,0.00514052748943
13848,0.994199565271,0.00579386010722,6.57462195924e-06
15025,0.474074762924,0.50054318804,0.0253820490359
3313,0.244869371569,0.751218536813,0.00391209161828
13580,0.626888870493,0.372929604692,0.000181524814389
14183,0.8090236356,0.187586875881,0.00338948851878
11433,0.841483906551,0.157725214266,0.000790879182898
9442,0.61652214849,0.36194590455,0.0215319469599
15,0.954513000259,0.0454654438457,2.15558953675e-05
10817,0.991068343819,0.00893165618138,0.0
330,0.73483679213,0.264983821137,0.000179386733511
17999,0.9915950361,0.00840496390023,0.0
6883,0.652664428166,0.320504474347,0.0268310974873
7946,0.236640813406,0.75992973977,0.00342944682394
2122,0.86934220606,0.130636238045,2.15558953675e-05
16053,0.981865961511,0.0171494564434,0.00098458204561
889,0.998333333333,0.00166666666667,0.0
3521,0.823797539372,0.173461274428,0.00274118620044
18229,0.221640340339,0.13847289705,0.639886762611
11922,0.979732209858,0.0201349212081,0.000132868933629
2870,0.978876783015,0.0211232169855,0.0
4093,0.397157551284,0.491339290006,0.11150315871
283,0.458956030101,0.414695808975,0.126348160924
10344,0.472850357144,0.517010640457,0.0101390023995
531,0.999934640523,6.53594771242e-05,0.0
2710,0.44915737523,0.550549565681,0.000293059088934
8826,0.366578719704,0.60338016474,0.0300411155561
10484,0.934086298191,0.0659137018091,0.0
12881,0.0993044858629,0.100129572494,0.800565941644
5013,0.398052268029,0.574165240067,0.0277824919039
1189,0.794940474878,0.164265758081,0.0407937670414
7899,0.838458781056,0.161458548006,8.26709375873e-05
12413,0.957375584885,0.0377565215764,0.00486789353867
11046,0.41795387061,0.538880029997,0.0431660993931
5834,0.67339473897,0.294996691214,0.031608569816
14782,0.809366271232,0.183361900232,0.00727182853546
9994,0.64341451899,0.34930156993,0.00728391108014
147,0.25192396792,0.158259487813,0.589816544268
2152,0.995324489059,0.00463927905743,3.6231884058e-05
3478,0.300117918462,0.396097082919,0.303784998619
8873,0.805077375053,0.152072184282,0.0428504406651
5577,0.149494615344,0.217290209686,0.63321517497
12729,0.692508230966,0.271049357699,0.0364424113357
11488,0.363559076117,0.635116552225,0.00132437165827
17901,0.663453694771,0.331801467379,0.00474483785017
650,0.384002214704,0.476040248374,0.139957536923
3127,0.948478204287,0.0515217957131,0.0
3761,0.339079637995,0.596194375737,0.0647259862681
16587,0.205835486151,0.0342664881928,0.759898025656
11773,0.307741684238,0.523315544051,0.168942771711
11000,0.956461734979,0.043143095999,0.000395169022058
10785,0.861833132841,0.119807964638,0.0183589025211
2280,0.205041071096,0.197106116899,0.597852812005
13306,0.948102139429,0.0467400449015,0.00515781566918
14185,0.994710860193,0.00528913980701,0.0
18326,0.298046881584,0.632279755082,0.069673363334
2544,0.988157550212,0.0117443819194,9.80678683719e-05
6979,0.588343094004,0.409180169444,0.00247673655242
50,0.41506231364,0.420377854176,0.164559832184
11525,0.606509564525,0.28587434941,0.107616086065
13479,0.367478483862,0.045907173769,0.586614342369
8865,0.531609431692,0.415293447138,0.0530971211695
14822,0.378135166342,0.496505055245,0.125359778413
9763,0.985664642497,0.0141538326889,0.000181524814389
2129,0.35325109225,0.646466904493,0.000282003256983
13332,0.810557693405,0.173437972918,0.0160043336767
7082,0.988062464483,0.011937535517,0.0
7783,0.601228351761,0.378043151088,0.0207284971511
7202,0.987581302391,0.0122371727942,0.000181524814389
18223,0.733008747026,0.259478327747,0.00751292522716
6631,0.715870144168,0.211468978713,0.0726608771189
14666,0.999431662159,0.000568337840547,0.0
4432,0.985570185481,0.0119775014204,0.00245231309812
6566,0.928256382796,0.0631331452931,0.00861047191086
11828,0.344962477091,0.187929530455,0.467107992454
3485,0.540720396799,0.444304432106,0.0149751710951
17499,0.974189210666,0.0256018530554,0.000208936278243
5855,0.262415714066,0.656922693441,0.0806615924929
15165,1.0,0.0,0.0
4574,0.748468494912,0.224750165814,0.0267813392737
9316,0.601254979598,0.352522135797,0.046222884605
17011,0.990331090206,0.00951281272728,0.000156097066893
12002,0.582739916216,0.373101183137,0.0441589006475
17674,0.959179294576,0.0379924759166,0.0028282295076
232,0.959233955812,0.0406969926105,6.90515775782e-05
5584,0.51804045649,0.481825257704,0.000134285806036
18310,0.554552634905,0.443888725713,0.00155863938162
5677,0.1677707233,0.0774962488847,0.754733027816
18145,1.0,0.0,0.0
3086,0.446887585592,0.553029743471,8.26709375873e-05
15184,0.570559812686,0.0803810131971,0.349059174117
16348,0.89810474103,0.10140643188,0.000488827090084
17675,0.977342307582,0.0224206238717,0.000237068546581
3074,0.959437950607,0.0405404934976,2.15558953675e-05
3355,0.645244136759,0.234086128913,0.120669734328
9764,0.506441552566,0.464832044809,0.0287264026248
4951,0.70245936569,0.121101675426,0.176438958884
11942,0.95413528416,0.0457125350788,0.000152180760809
3983,0.626453377676,0.341282848535,0.0322637737892
3344,0.424668426199,0.525975557416,0.0493560163847
8511,0.392501179451,0.30356600303,0.303932817519
14693,0.574247574011,0.424429204346,0.00132322164351
16480,0.948267467986,0.0380769852149,0.013655546799
13782,0.957016382764,0.0425884482139,0.000395169022058
4869,0.859829225493,0.139862599225,0.00030817528193
1459,0.917990165161,0.076561014083,0.00544882075641
10674,0.315618607927,0.194253889047,0.490127503026
16104,0.999047619048,0.000952380952381,0.0
16927,0.970055854495,0.0288240014183,0.00112014408681
11812,0.206521069905,0.176840308029,0.616638622066
12488,0.758932361503,0.218557062993,0.0225105755041
6612,0.923009306155,0.0769691379499,2.15558953675e-05
10000,0.733732564016,0.266086360441,0.000181075542942
10605,0.951307591038,0.048600093063,9.23158993557e-05
18523,0.580521355865,0.419395973198,8.26709375873e-05
11708,0.850818403588,0.125985413667,0.0231961827448
12948,0.977257506613,0.018848868149,0.00389362523827
7825,0.96543752205,0.0332744115282,0.00128806642185
14772,0.788701600579,0.211291824799,6.57462195924e-06
15734,0.742954791732,0.254147299123,0.00289790914436
17023,0.341852258154,0.190869628708,0.467278113138
15114,0.747552428747,0.252250352828,0.000197218424773
4467,0.533276433818,0.345574870756,0.121148695426
16520,0.424393718996,0.545613281613,0.029992999391
17367,0.51674305683,0.483174272232,8.26709375873e-05
4580,0.84560649709,0.133951481296,0.0204420216143
6154,0.932839664843,0.0666967935937,0.000463541563255
1088,0.724851792377,0.174556827881,0.100591379742
15595,0.814303338512,0.164458336353,0.0212383251349
10063,0.662511657785,0.337394615445,9.37267695387e-05
7395,0.876502359114,0.120547448731,0.00295019215521
2509,0.753477223998,0.21973058027,0.0267921957318
15619,0.968333333333,0.0316666666667,0.0
10987,0.397552244887,0.576513827757,0.0259339273556
4564,0.796477013718,0.196018088206,0.00750489807588
17483,0.868299738839,0.131105322391,0.000594938770558
16410,0.351251063345,0.127296903533,0.521452033122
14723,0.751267347455,0.221940456814,0.0267921957318
1036,0.661010265161,0.311519203729,0.0274705311092
4405,0.999936051159,6.39488409273e-05,0.0
7491,0.432950105097,0.53605879499,0.0309910999136
14451,0.309914083146,0.675544344151,0.0145415727024
18335,0.0579820292942,0.100061128408,0.841956842298
15069,0.152671081661,0.10984118429,0.737487734049
2328,0.672895468802,0.325762656578,0.0013418746196
17635,0.449735145915,0.0615907677896,0.488674086296
16784,0.949079242209,0.0508517062132,6.90515775782e-05
230,0.566303320082,0.433202251045,0.000494428872545
8896,0.446599610233,0.544694548112,0.00870584165518
14835,0.38885307234,0.471635109652,0.139511818008
9983,0.587798079227,0.411789698884,0.000412221889191
12133,0.920142060686,0.0603641281532,0.0194938111612
10893,0.591912266289,0.407758492568,0.000329241143046
10904,0.927062678805,0.0692562730761,0.00368104811911
3087,0.564732965211,0.364836546797,0.0704304879917
1254,0.892595813205,0.107404186795,0.0
3402,0.327621695104,0.507983971217,0.164394333679
16362,0.562171592141,0.0585758381612,0.379252569698
14681,0.980517669837,0.019301158577,0.000181171586211
16420,0.938190123275,0.0546825747042,0.00712730202073
1559,0.991101065141,0.00889893485933,0.0
8700,0.974037082507,0.0259563428712,6.57462195924e-06
15452,0.728393599054,0.269129664393,0.00247673655242
13565,0.984701975379,0.0151817880998,0.000116236521276
628,0.859863157703,0.04503291013,0.095103932167
5344,0.512103487568,0.122225370575,0.365671141857
15163,0.595605546274,0.356422912106,0.0479715416202
10766,0.927189730066,0.0475786249668,0.0252316449677
16380,0.673720591051,0.256670018229,0.0696093907201
7770,0.979991188887,0.0166134640283,0.00339534708488
5412,0.551075448709,0.446026642146,0.00289790914436
12885,0.639449040303,0.356287275323,0.00426368437447
11332,0.993620584424,0.00637941557614,0.0
17718,0.628556176493,0.328354683807,0.0430891396998
2780,0.967201227963,0.0325115681097,0.000287203927666
7411,0.907609329941,0.0922602786838,0.00013039137519
4038,0.892227351657,0.105001559513,0.00277108882976
219,0.763592654452,0.203217798143,0.0331895474055
382,0.951488654133,0.0484422942893,6.90515775782e-05
5134,0.16603489077,0.817398616709,0.0165664925216
8782,0.151166364911,0.466684646795,0.382148988294
13297,0.761417874466,0.225948436725,0.0126336888084
5655,0.235767725219,0.251718113782,0.512514160999
12,0.928555225921,0.0677485715774,0.00369620250159
18437,0.999885057471,0.000114942528736,0.0
15061,0.402068648731,0.597797065463,0.000134285806036
17179,0.358684544623,0.210010634888,0.431304820488
15394,0.673729459605,0.213909272457,0.112361267937
13302,0.796349878723,0.162261690461,0.0413884308152
16908,0.974066222938,0.0248352531606,0.00109852390192
11829,0.963464930704,0.0333583034471,0.00317676584863
18236,0.236088470695,0.734540149995,0.0293713793104
14617,0.773501358518,0.224136762489,0.00236187899359
1837,0.972407945775,0.0274398734644,0.000152180760809
13734,0.240522217412,0.378531580162,0.380946202425
14894,0.769228237855,0.203957224236,0.0268145379092
12703,0.957016382764,0.0425884482139,0.000395169022058
17190,0.251782237124,0.706892611637,0.0413251512392
14704,0.141111053129,0.28699883503,0.57189011184
11412,0.996835423186,0.00316457681366,0.0
8880,0.146464425676,0.344322266247,0.509213308077
10855,0.503220972837,0.158508320538,0.338270706625
2636,0.265512543448,0.0669567244251,0.667530732126
15890,0.928531480208,0.0678784324945,0.00359008729737
11288,0.870893324149,0.129079353446,2.73224043716e-05
2037,0.678248910291,0.300250572014,0.0215005176947
13921,0.925697970635,0.0740748227543,0.000227206610317
5640,0.865780045745,0.121680718319,0.0125392359365
11354,0.827944356819,0.15745358316,0.0146020600205
17161,0.705053727869,0.287760145955,0.00718612617606
14317,0.946196843667,0.0537816004373,2.15558953675e-05
13513,0.328055960143,0.145954405943,0.525989633915
18208,0.396028521621,0.337808548318,0.266162930061
2020,0.7988177655,0.189950240177,0.0112319943227
4801,0.743253568891,0.251892254078,0.004854177031
12728,0.999393939394,0.000606060606061,0.0
9614,0.322707725374,0.659414949616,0.0178773250096
1259,0.101796101121,0.191321261921,0.706882636958
9799,0.757937881191,0.241753943527,0.00030817528193
595,0.604560637905,0.253783721457,0.141655640638
13916,0.591873506269,0.402194157408,0.00593233632249
2072,0.0928496237556,0.082132066481,0.825018309763
3373,0.934942230584,0.0649133296525,0.00014443976305
9684,0.90740446883,0.0924651397949,0.00013039137519
9159,0.0839211461751,0.102359727435,0.81371912639
13478,0.682708856523,0.305539396817,0.0117517466607
14729,0.985531871305,0.0120158155967,0.00245231309812
10918,0.764533008558,0.196991078834,0.0384759126073
11611,0.621294383088,0.313934620477,0.0647709964342
17819,0.684423844079,0.301160715334,0.0144154405869
17274,0.169072958525,0.738265856865,0.0926611846102
253,0.184983597802,0.072826689693,0.742189712505
10504,0.86646839726,0.0965934496203,0.0369381531201
13012,0.409236138217,0.532669828959,0.0580940328245
15828,0.984932765235,0.0150672347651,0.0
18056,0.993825276603,0.00588540221916,0.000289321178317
11009,0.624666648271,0.375151826914,0.000181524814389
13653,0.897814013017,0.102164431087,2.15558953675e-05
8329,0.43427750192,0.0716744930887,0.494048004991
156,0.891683629963,0.105527468204,0.00278890183263
18014,0.933008518634,0.0664085382884,0.000582943077238
2014,0.354677149841,0.555424907172,0.0898979429865
1122,0.87178594852,0.117065277234,0.0111487742463
17329,0.397794950811,0.580103257308,0.0221017918803
2877,0.861745991329,0.136544754907,0.00170925376345
10125,0.743407054671,0.244658574679,0.0119343706503
5972,0.941162101672,0.0429165415319,0.0159213567958
4957,0.848131382394,0.138499273536,0.0133693440702
8501,0.372167965079,0.402615098597,0.225216936324
18417,0.255583506061,0.624745090002,0.119671403937
4012,0.915644887992,0.0839438610655,0.000411250942794
13575,1.0,0.0,0.0
14546,0.853015541594,0.144287674242,0.00269678416436
12403,0.959437950607,0.0405404934976,2.15558953675e-05
236,0.990373260842,0.00962673915847,0.0
15805,0.298442182988,0.694087944536,0.00746987247554
1052,0.94156812367,0.0492982067407,0.00913366958973
15084,0.614418108337,0.3221834302,0.0633984614624
11239,0.670154737436,0.297573443166,0.0322718193982
6191,0.551234918749,0.448518745962,0.000246335288832
11792,0.879583763354,0.107604534473,0.012811702173
16090,0.793336103668,0.204285428522,0.00237846780979
8843,1.0,0.0,0.0
12914,0.693840171898,0.305965107682,0.000194720420383
8345,0.556528068904,0.434545756951,0.00892617414511
16801,0.872784517527,0.0788028360287,0.0484126464446
14459,0.477672463931,0.375777137357,0.146550398712
13139,0.534750391605,0.465129685612,0.000119922782787
7026,0.462708542059,0.479390491481,0.0579009664601
6008,0.540698501835,0.42773569072,0.0315658074455
18090,0.986505230327,0.00992448881726,0.00357028085609
18514,0.436870415727,0.562836525184,0.000293059088934
267,0.250022146826,0.687625494435,0.0623523587386
9410,0.974696726025,0.0243118460829,0.000991427892093
